http://www.ribeiraopreto.sp.gov.br/ssaude/rede/central/i16joaorossi.php

[-21.21619,-47.835621],
[-21.21484,-47.835717],
[-21.2141,-47.835824],
[-21.21373,-47.835867],
[-21.21315,-47.835824],
[-21.21289,-47.835792],
[-21.21212,-47.835546],
[-21.2117,-47.835385],
[-21.21124,-47.835159],
[-21.210929,-47.835063],
[-21.210789,-47.83502],
[-21.209889,-47.83458],
[-21.209059,-47.834162],
[-21.208429,-47.833636],
[-21.208129,-47.833378],
[-21.207669,-47.832767],
[-21.207259,-47.832348],
[-21.206709,-47.831908],
[-21.206418,-47.831672],
[-21.205848,-47.831372],
[-21.205288,-47.831061],
[-21.204998,-47.830803],
[-21.204848,-47.830675],
[-21.204258,-47.829816],
[-21.203778,-47.829108],
[-21.203508,-47.828668],
[-21.203118,-47.828025],
[-21.202488,-47.826952],
[-21.202207,-47.82649],
[-21.202067,-47.826329],
[-21.201937,-47.82619],
[-21.201617,-47.825954],
[-21.201177,-47.825578],
[-21.200787,-47.825407],
[-21.200347,-47.825235],
[-21.200037,-47.825224],
[-21.199467,-47.82531],
[-21.198606,-47.825707],
[-21.198276,-47.825868],
[-21.197336,-47.826169],
[-21.196466,-47.82634],
[-21.195796,-47.826447],
[-21.195566,-47.826362],
[-21.195245,-47.826147],
[-21.194775,-47.825857],
[-21.194535,-47.825621],
[-21.194415,-47.825439],
[-21.194235,-47.824978],
[-21.193985,-47.824227],
[-21.193755,-47.823776],
[-21.193505,-47.823336],
[-21.193325,-47.823154],
[-21.192895,-47.822746],
[-21.192675,-47.822542],
[-21.192545,-47.822478],
[-21.192335,-47.822392],
[-21.191954,-47.82236],
[-21.191564,-47.822371],
[-21.191014,-47.82236],
[-21.190424,-47.822285],
[-21.190054,-47.822167],
[-21.189804,-47.822124],
[-21.189394,-47.822016],
[-21.189153,-47.821931],
[-21.188913,-47.821759],
[-21.188483,-47.821523],
[-21.188253,-47.821448],
[-21.186342,-47.821169],
[-21.185782,-47.821062],
[-21.185602,-47.82104],
[-21.186102,-47.819645],
[-21.185087,-47.819147],
[-21.184302,-47.818739],
[-21.184012,-47.818583],
[-21.184142,-47.817666],
[-21.183676,-47.817671],
[-21.183291,-47.817644],
[-21.183236,-47.817628],
[-21.182966,-47.817146],
[-21.182851,-47.816797],
[-21.182161,-47.817087],
[-21.181796,-47.817237],
[-21.181581,-47.817242],
[-21.181346,-47.81714],
[-21.181105,-47.816942],
[-21.18094,-47.816797],
[-21.181296,-47.81655],
[-21.181491,-47.816271],
[-21.182266,-47.815198],
[-21.183086,-47.814066],
[-21.184032,-47.812736],
[-21.185052,-47.811325],
[-21.186172,-47.809753],
[-21.187038,-47.808557],
[-21.188053,-47.807136],
[-21.188603,-47.806363],
[-21.189158,-47.806465],
[-21.189784,-47.806572],
[-21.190739,-47.806728],
[-21.191929,-47.806916],
[-21.19312,-47.807098],
[-21.19402,-47.807254],
[-21.195255,-47.807447],
[-21.196566,-47.807656],
[-21.198001,-47.807908],
[-21.199187,-47.808107],
[-21.199542,-47.808219],
[-21.200262,-47.808444],
[-21.201202,-47.808831],
[-21.201972,-47.80919],
[-21.205718,-47.810912],
[-21.208559,-47.8122],
[-21.21142,-47.813573],
[-21.21348,-47.814538],
[-21.21432,-47.814839],
[-21.21572,-47.814946],
[-21.21652,-47.815032],
[-21.219821,-47.815847],
[-21.221541,-47.816534],
[-21.222901,-47.816985],
[-21.222341,-47.819023],
[-21.221001,-47.823873],
[-21.220241,-47.826233],
[-21.218741,-47.829924],
[-21.217281,-47.833099],
[-21.21628,-47.835438]