http://www.ribeiraopreto.sp.gov.br/ssaude/rede/central/i16central.php

[-21.185592,-47.821051],
[-21.185402,-47.821008],
[-21.185042,-47.820868],
[-21.184712,-47.820675],
[-21.184372,-47.820439],
[-21.184072,-47.820182],
[-21.183671,-47.819903],
[-21.183411,-47.819806],
[-21.183061,-47.819806],
[-21.182701,-47.819806],
[-21.182091,-47.819839],
[-21.181671,-47.819849],
[-21.181431,-47.819881],
[-21.18118,-47.819839],
[-21.18088,-47.819753],
[-21.18078,-47.819731],
[-21.18069,-47.819678],
[-21.18043,-47.819549],
[-21.18021,-47.81942],
[-21.17998,-47.81927],
[-21.17985,-47.819184],
[-21.17977,-47.819066],
[-21.17963,-47.818851],
[-21.17948,-47.818583],
[-21.17931,-47.818326],
[-21.17906,-47.817918],
[-21.17889,-47.817661],
[-21.178719,-47.817414],
[-21.178419,-47.817135],
[-21.177969,-47.816684],
[-21.177669,-47.816416],
[-21.177389,-47.816148],
[-21.177009,-47.815804],
[-21.176699,-47.815493],
[-21.176328,-47.815118],
[-21.176168,-47.814989],
[-21.175788,-47.814764],
[-21.175418,-47.814549],
[-21.174928,-47.81427],
[-21.174568,-47.814045],
[-21.174298,-47.813895],
[-21.173917,-47.813669],
[-21.173532,-47.813439],
[-21.173172,-47.813235],
[-21.172892,-47.813069],
[-21.172242,-47.812709],
[-21.171691,-47.81242],
[-21.171351,-47.812232],
[-21.170616,-47.811856],
[-21.170216,-47.81161],
[-21.169815,-47.811406],
[-21.169195,-47.811073],
[-21.169545,-47.810451],
[-21.169846,-47.810022],
[-21.170176,-47.80955],
[-21.170886,-47.808552],
[-21.171516,-47.807769],
[-21.172447,-47.806621],
[-21.172997,-47.805955],
[-21.174047,-47.804604],
[-21.174418,-47.804185],
[-21.175248,-47.803273],
[-21.175608,-47.802908],
[-21.175978,-47.802629],
[-21.176519,-47.802243],
[-21.177369,-47.801621],
[-21.177729,-47.801428],
[-21.178239,-47.801181],
[-21.17926,-47.800816],
[-21.17999,-47.80058],
[-21.18024,-47.800484],
[-21.18117,-47.801299],
[-21.182441,-47.802383],
[-21.183361,-47.803187],
[-21.184652,-47.804271],
[-21.185562,-47.805033],
[-21.186483,-47.805816],
[-21.187363,-47.806556],
[-21.188043,-47.807168],
[-21.186453,-47.809367],
[-21.184942,-47.811502],
[-21.183461,-47.813541],
[-21.181771,-47.815912],
[-21.181351,-47.816448],
[-21.18118,-47.816609],
[-21.18095,-47.81677],
[-21.181371,-47.817156],
[-21.181591,-47.817231],
[-21.181761,-47.817231],
[-21.182031,-47.817167],
[-21.182861,-47.816792],
[-21.183051,-47.817446],
[-21.183201,-47.817607],
[-21.183291,-47.817639],
[-21.183661,-47.817661],
[-21.183882,-47.817671],
[-21.184142,-47.817671],
[-21.184012,-47.818562],
[-21.184372,-47.818776],
[-21.184712,-47.818959],
[-21.185032,-47.81913],
[-21.186082,-47.819624]