http://www.ribeiraopreto.sp.gov.br/ssaude/rede/central/i16vilatiberio.php

[-21.176028,-47.833507],
[-21.174688,-47.833657],
[-21.174728,-47.832874],
[-21.170746,-47.829398],
[-21.170146,-47.830192],
[-21.169435,-47.829559],
[-21.168855,-47.830342],
[-21.168145,-47.82972],
[-21.168735,-47.828969],
[-21.168035,-47.828346],
[-21.168615,-47.827574],
[-21.166584,-47.825782],
[-21.166024,-47.826641],
[-21.165914,-47.826705],
[-21.165393,-47.825085],
[-21.165153,-47.824538],
[-21.164823,-47.823701],
[-21.164733,-47.823379],
[-21.164683,-47.822971],
[-21.164573,-47.821652],
[-21.164473,-47.820182],
[-21.164553,-47.819452],
[-21.164533,-47.818701],
[-21.164313,-47.81809],
[-21.163983,-47.817467],
[-21.163762,-47.817092],
[-21.163602,-47.816834],
[-21.163442,-47.816738],
[-21.163122,-47.816674],
[-21.162472,-47.816309],
[-21.161711,-47.815826],
[-21.161171,-47.815504],
[-21.160971,-47.815408],
[-21.160941,-47.815343],
[-21.160931,-47.815279],
[-21.160891,-47.814925],
[-21.160891,-47.814775],
[-21.161011,-47.814828],
[-21.161161,-47.814796],
[-21.161391,-47.814721],
[-21.161491,-47.81456],
[-21.161581,-47.81426],
[-21.161661,-47.813938],
[-21.161731,-47.813541],
[-21.161811,-47.813176],
[-21.161891,-47.812886],
[-21.162012,-47.812704],
[-21.162212,-47.812618],
[-21.162352,-47.812618],
[-21.162542,-47.81265],
[-21.162662,-47.812715],
[-21.162972,-47.812908],
[-21.163262,-47.813144],
[-21.163682,-47.813573],
[-21.164303,-47.814313],
[-21.164993,-47.815118],
[-21.165273,-47.815429],
[-21.165543,-47.815536],
[-21.165884,-47.815568],
[-21.166284,-47.815386],
[-21.166404,-47.815268],
[-21.167004,-47.814442],
[-21.167564,-47.813659],
[-21.167985,-47.813069],
[-21.168575,-47.812114],
[-21.169195,-47.811073],
[-21.169896,-47.811449],
[-21.170566,-47.811813],
[-21.171696,-47.812414],
[-21.169996,-47.814667],
[-21.169225,-47.813981],
[-21.165693,-47.818605],
[-21.167234,-47.819957],
[-21.167815,-47.819216],
[-21.171356,-47.82236],
[-21.170836,-47.823068],
[-21.171556,-47.823679],
[-21.172077,-47.823004],
[-21.173537,-47.824205],
[-21.174878,-47.822499],
[-21.174898,-47.824001],
[-21.175908,-47.823915],
[-21.176539,-47.823851],
[-21.177509,-47.823701],
[-21.177659,-47.823969],
[-21.177529,-47.824323],
[-21.177489,-47.824484],
[-21.177549,-47.824699],
[-21.177309,-47.825664],
[-21.177179,-47.826426],
[-21.176699,-47.828239],
[-21.176308,-47.829334],
[-21.176338,-47.832091],
[-21.176268,-47.832456],
[-21.176068,-47.833411]