http://www.ribeiraopreto.sp.gov.br/ssaude/rede/central/i16csevtiberio.php

[-21.177544,-47.823738],
[-21.174908,-47.824001],
[-21.174898,-47.822703],
[-21.174858,-47.822515],
[-21.173517,-47.824205],
[-21.172087,-47.822982],
[-21.171556,-47.823679],
[-21.170846,-47.823068],
[-21.171386,-47.822381],
[-21.167815,-47.819216],
[-21.167234,-47.819967],
[-21.165703,-47.818615],
[-21.169195,-47.81397],
[-21.169976,-47.814667],
[-21.171706,-47.812425],
[-21.172517,-47.812865],
[-21.173347,-47.813369],
[-21.174057,-47.813755],
[-21.174988,-47.814313],
[-21.176088,-47.814925],
[-21.176278,-47.815064],
[-21.177219,-47.815987],
[-21.177109,-47.81647],
[-21.177069,-47.816588],
[-21.176909,-47.816995],
[-21.176679,-47.817425],
[-21.176419,-47.817972],
[-21.176368,-47.818176],
[-21.176338,-47.818315],
[-21.176368,-47.818476],
[-21.176429,-47.81868],
[-21.176559,-47.818937],
[-21.176779,-47.81942],
[-21.176859,-47.819592],
[-21.176899,-47.819817],
[-21.176909,-47.820075],
[-21.176909,-47.820375],
[-21.176859,-47.820761],
[-21.176729,-47.821072],
[-21.176629,-47.821501],
[-21.176599,-47.821759],
[-21.176669,-47.822016],
[-21.176789,-47.822328],
[-21.177039,-47.82281],
[-21.177509,-47.823647]