http://www.ribeiraopreto.sp.gov.br/ssaude/rede/central/i16camposeliseos.php

[-21.151586,-47.7924],
[-21.15093,-47.791992],
[-21.151746,-47.790152],
[-21.15091,-47.789728],
[-21.151536,-47.788312],
[-21.15071,-47.787867],
[-21.14985,-47.787421],
[-21.149019,-47.786971],
[-21.148179,-47.786531],
[-21.148599,-47.785935],
[-21.147918,-47.785356],
[-21.148574,-47.784133],
[-21.148994,-47.783393],
[-21.149514,-47.78276],
[-21.150475,-47.781655],
[-21.151606,-47.780045],
[-21.152636,-47.778575],
[-21.153797,-47.776923],
[-21.154818,-47.775432],
[-21.155758,-47.774037],
[-21.156689,-47.772717],
[-21.157739,-47.771226],
[-21.1594,-47.768769],
[-21.160421,-47.767417],
[-21.160881,-47.766763],
[-21.161881,-47.765304],
[-21.162552,-47.76437],
[-21.163222,-47.763115],
[-21.163472,-47.762557],
[-21.163883,-47.761281],
[-21.164193,-47.759467],
[-21.164363,-47.758266],
[-21.164473,-47.756131],
[-21.166444,-47.756206],
[-21.167584,-47.756281],
[-21.170886,-47.756453],
[-21.173147,-47.75656],
[-21.177089,-47.756753],
[-21.181391,-47.756968],
[-21.185372,-47.757204],
[-21.186232,-47.757246],
[-21.185612,-47.763963],
[-21.185152,-47.766087],
[-21.184932,-47.76716],
[-21.184952,-47.767847],
[-21.185292,-47.769134],
[-21.185332,-47.769928],
[-21.185252,-47.771194],
[-21.184812,-47.772632],
[-21.184612,-47.773318],
[-21.184572,-47.773554],
[-21.184452,-47.773812],
[-21.184232,-47.774026],
[-21.183932,-47.774241],
[-21.183391,-47.775013],
[-21.182771,-47.7757],
[-21.182051,-47.776408],
[-21.18037,-47.777975],
[-21.17953,-47.77849],
[-21.178189,-47.779434],
[-21.177569,-47.779841],
[-21.176829,-47.780206],
[-21.176268,-47.780721],
[-21.175828,-47.781086],
[-21.175568,-47.781236],
[-21.175448,-47.781343],
[-21.175368,-47.781579],
[-21.175148,-47.781858],
[-21.174688,-47.782459],
[-21.174007,-47.783318],
[-21.172927,-47.784584],
[-21.172607,-47.784798],
[-21.172307,-47.784927],
[-21.172067,-47.785249],
[-21.171446,-47.785828],
[-21.169986,-47.78703],
[-21.168785,-47.788124],
[-21.168185,-47.788532],
[-21.167965,-47.788875],
[-21.167204,-47.789347],
[-21.167875,-47.789894],
[-21.169095,-47.790978],
[-21.169846,-47.791654],
[-21.171616,-47.793231],
[-21.172417,-47.793918],
[-21.173027,-47.794422],
[-21.173567,-47.794626],
[-21.174168,-47.794787],
[-21.174698,-47.794926],
[-21.174798,-47.795012],
[-21.174928,-47.795173],
[-21.175838,-47.796847],
[-21.175938,-47.796954],
[-21.177669,-47.798359],
[-21.178529,-47.799089],
[-21.17989,-47.800194],
[-21.18025,-47.800484],
[-21.17921,-47.800795],
[-21.177979,-47.801245],
[-21.177089,-47.80175],
[-21.175748,-47.802769],
[-21.175248,-47.803262],
[-21.174538,-47.804035],
[-21.173107,-47.805794],
[-21.172497,-47.806513],
[-21.170606,-47.808863],
[-21.170076,-47.809689],
[-21.169185,-47.811073],
[-21.168185,-47.812725],
[-21.166854,-47.814603],
[-21.166374,-47.815289],
[-21.166174,-47.815461],
[-21.165944,-47.815568],
[-21.165733,-47.81559],
[-21.165433,-47.815515],
[-21.165293,-47.815418],
[-21.164953,-47.815086],
[-21.164573,-47.814624],
[-21.164043,-47.814013],
[-21.163462,-47.813358],
[-21.163062,-47.81294],
[-21.162612,-47.812661],
[-21.162332,-47.812629],
[-21.162102,-47.812661],
[-21.161972,-47.812747],
[-21.161901,-47.812843],
[-21.161861,-47.813004],
[-21.161631,-47.814077],
[-21.161521,-47.814388],
[-21.161401,-47.814721],
[-21.161131,-47.814796],
[-21.161001,-47.814839],
[-21.160901,-47.814796],
[-21.160531,-47.814195],
[-21.15967,-47.812994],
[-21.1592,-47.812221],
[-21.15896,-47.811878],
[-21.15859,-47.811449],
[-21.158039,-47.810977],
[-21.157799,-47.810826],
[-21.157179,-47.810676],
[-21.156779,-47.810558],
[-21.156158,-47.810386],
[-21.155468,-47.810129],
[-21.154828,-47.809914],
[-21.152976,-47.809303],
[-21.150855,-47.808552],
[-21.149534,-47.808144],
[-21.148694,-47.807822],
[-21.147593,-47.806621],
[-21.146913,-47.805784],
[-21.145952,-47.804646],
[-21.145272,-47.803788],
[-21.144771,-47.803209],
[-21.144191,-47.803037],
[-21.143751,-47.802994],
[-21.14283,-47.803102],
[-21.14227,-47.803166],
[-21.14245,-47.802951],
[-21.14315,-47.802415],
[-21.144131,-47.8016],
[-21.144711,-47.801127],
[-21.145392,-47.800527],
[-21.145852,-47.79999],
[-21.146352,-47.799304],
[-21.147633,-47.797158],
[-21.148554,-47.795699],
[-21.149334,-47.795055],
[-21.150335,-47.794025],
[-21.150735,-47.793489],
[-21.151295,-47.792802],
[-21.151516,-47.792501]